20201020,,00059,G101010
20201020,00052,00052,G101010
20201020,,00091,G101011
20201020,00064,00064,G101011
20201020,,00052,G101010
20201020,00035,00035,G101011
20201020,,00027,G101010
20201020,00073,00073,G101011
20201020,,00061,G101010
20201020,00083,00083,G101011
20201020,00078,00078,G101010
20201020,00013,00013,G101011
20201020,00061,00061,G101011
20201020,00021,00021,G101010
20201020,00026,00026,G101011
20201020,,00057,G101011
20201020,00075,00075,G101011
20201020,,00035,G101010
20201020,00033,00033,G101011
20201020,00018,00018,G101011
20201020,,00024,G101011
20201020,,00094,G101011
20201020,,00050,G101011
20201020,00021,00021,G101010
20201020,,00092,G101010
20201020,,00050,G101011
20201020,00054,00054,G101010
20201020,,00036,G101010
20201020,00054,00054,G101010
20201020,,00005,G101010
20201020,00042,00042,G101010
20201020,,00023,G101010
20201020,00054,00054,G101011
20201020,,00007,G101010
20201020,00053,00053,G101010
20201020,,00037,G101010
20201020,,00053,G101011
20201020,00051,00051,G101011
20201020,00003,00003,G101011
20201020,,00065,G101010
20201020,00037,00037,G101011
20201020,,00039,G101010
20201020,,00017,G101011
20201020,,00077,G101010
20201020,,00057,G101010
20201020,,00006,G101010
20201020,00019,00019,G101011
20201020,,00029,G101011
20201020,,00032,G101010
20201020,00052,00052,G101011